Sunrise Time (LST) Sunset Time (LST)
0 7.4413888888888895 18.413055555555555
1 7.446666666666667 18.423055555555557
2 7.451944444444445 18.433333333333334
3 7.456666666666667 18.44388888888889
4 7.461111111111111 18.454444444444444
5 7.465277777777778 18.465
6 7.469166666666667 18.475555555555555
7 7.472777777777778 18.48638888888889
8 7.476111111111111 18.496944444444445
9 7.478888888888889 18.50777777777778
10 7.481388888888889 18.51861111111111
11 7.483611111111111 18.529722222222222
12 7.485277777777778 18.540555555555557
13 7.486944444444444 18.55138888888889
14 7.4880555555555555 18.56222222222222
15 7.488888888888889 18.573055555555555
16 7.489166666666667 18.583888888888886
17 7.489166666666667 18.59472222222222
18 7.488888888888889 18.605555555555558
19 7.488333333333333 18.616111111111113
20 7.487222222222222 18.626944444444444
21 7.486111111111112 18.6375
22 7.484166666666667 18.648055555555555
23 7.482222222222222 18.65861111111111
24 7.479722222222223 18.66888888888889
25 7.476944444444444 18.679166666666667
26 7.473888888888889 18.689444444444444
27 7.470277777777778 18.699444444444445
28 7.466388888888889 18.709444444444443
29 7.4622222222222225 18.71944444444444
30 7.457777777777778 18.729166666666664
31 7.453055555555555 18.73888888888889
32 7.447777777777778 18.748333333333335
33 7.442222222222222 18.75777777777778
34 7.436388888888889 18.766944444444444
35 7.430277777777778 18.77611111111111
36 7.423611111111112 18.78527777777778
37 7.416944444444445 18.79416666666667
38 7.409722222222222 18.802777777777777
39 7.402222222222223 18.81138888888889
40 7.394444444444445 18.82
41 7.386666666666667 18.828333333333333
42 7.378333333333333 18.836388888888887
43 7.369722222222221 18.844444444444445
44 7.360833333333333 18.852500000000003
45 7.351666666666667 18.860277777777778
46 7.3422222222222215 18.86777777777778
47 7.3325 18.87527777777778
48 7.3225 18.8825
49 7.3125 18.889722222222222
50 7.301944444444445 18.896944444444443
51 7.291388888888889 18.903888888888886
52 7.280555555555556 18.910555555555554
53 7.269444444444445 18.91722222222222
54 7.258055555555556 18.92388888888889
55 7.246666666666667 18.93027777777778
56 7.2347222222222225 18.93638888888889
57 7.222777777777778 18.942777777777778
58 7.210833333333333 18.948611111111113
59 7.198611111111111 18.954722222222223
60 7.186111111111112 18.960555555555555
61 7.173611111111112 18.96611111111111
62 7.160833333333334 18.971666666666664
63 7.147777777777778 18.97722222222222
64 7.134722222222223 18.982777777777777
65 7.121666666666666 18.988055555555558
66 7.108333333333333 18.993333333333336
67 7.094722222222222 18.998333333333335
68 7.081388888888888 19.003333333333334
69 7.0675 19.008333333333333
70 7.053888888888888 19.013333333333332
71 7.04 19.018055555555556
72 7.026111111111111 19.023055555555555
73 7.012222222222222 19.02777777777778
74 6.998055555555555 19.03222222222222
75 6.983888888888889 19.036944444444448
76 6.969722222222222 19.04138888888889
77 6.955555555555556 19.045833333333334
78 6.941111111111112 19.050555555555555
79 6.926944444444445 19.054722222222225
80 6.9125000000000005 19.059166666666666
81 6.898055555555555 19.06361111111111
82 6.8838888888888885 19.068055555555556
83 6.869444444444445 19.072222222222223
84 6.8549999999999995 19.076666666666668
85 6.8405555555555555 19.080833333333334
86 6.826388888888888 19.085277777777776
87 6.811944444444444 19.089444444444442
88 6.797777777777777 19.093888888888888
89 6.783333333333333 19.098055555555554
90 6.769166666666667 19.102222222222224
91 6.755 19.10666666666667
92 6.740833333333334 19.111111111111114
93 6.726944444444444 19.11527777777778
94 6.713055555555556 19.119722222222222
95 6.699166666666667 19.124166666666667
96 6.685277777777778 19.128611111111113
97 6.671388888888889 19.133055555555558
98 6.6577777777777785 19.1375
99 6.644444444444444 19.141944444444444
100 6.630833333333334 19.146666666666665
101 6.617500000000001 19.15111111111111
102 6.604444444444444 19.15583333333333
103 6.591388888888889 19.160555555555554
104 6.578611111111111 19.165277777777778
105 6.565833333333333 19.17
106 6.553055555555555 19.175
107 6.540555555555556 19.18
108 6.528333333333333 19.185
109 6.516111111111111 19.19
110 6.504166666666666 19.195
111 6.4925 19.200277777777778
112 6.480833333333334 19.205555555555556
113 6.469444444444445 19.210833333333333
114 6.458055555555556 19.21611111111111
115 6.446944444444445 19.221666666666664
116 6.436111111111112 19.22722222222222
117 6.4255555555555555 19.232777777777777
118 6.415277777777778 19.238333333333333
119 6.405 19.24416666666667
120 6.3950000000000005 19.25
121 6.3852777777777785 19.25583333333333
122 6.375833333333333 19.261666666666667
123 6.366666666666666 19.267777777777777
124 6.3575 19.27361111111111
125 6.348888888888888 19.279722222222222
126 6.340277777777778 19.285833333333336
127 6.331944444444444 19.292222222222225
128 6.323888888888889 19.298611111111114
129 6.316388888888889 19.304722222222225
130 6.308888888888888 19.311111111111114
131 6.301666666666667 19.3175
132 6.294722222222222 19.324166666666667
133 6.288055555555555 19.330555555555556
134 6.281666666666666 19.33722222222222
135 6.275555555555555 19.343888888888888
136 6.269722222222222 19.35027777777778
137 6.264166666666667 19.356944444444444
138 6.2588888888888885 19.363611111111112
139 6.253888888888889 19.37027777777778
140 6.249444444444444 19.377222222222223
141 6.245 19.383888888888887
142 6.240833333333334 19.390555555555554
143 6.237222222222222 19.397222222222222
144 6.233611111111111 19.403888888888886
145 6.230277777777778 19.410555555555554
146 6.2275 19.41722222222222
147 6.224722222222223 19.42388888888889
148 6.2225 19.43027777777778
149 6.220555555555555 19.436944444444446
150 6.2186111111111115 19.443333333333335
151 6.217222222222222 19.449722222222224
152 6.216111111111111 19.45611111111111
153 6.215 19.4625
154 6.214444444444444 19.46861111111111
155 6.214166666666667 19.47472222222222
156 6.2138888888888895 19.480833333333333
157 6.214166666666667 19.486666666666668
158 6.214722222222222 19.4925
159 6.215277777777778 19.498333333333335
160 6.216388888888889 19.503888888888888
161 6.2175 19.509444444444444
162 6.219166666666667 19.514722222222222
163 6.220833333333333 19.52
164 6.222777777777778 19.525
165 6.2250000000000005 19.529722222222222
166 6.227222222222222 19.534444444444446
167 6.23 19.53888888888889
168 6.232777777777778 19.543333333333337
169 6.235833333333334 19.547500000000003
170 6.239166666666667 19.55138888888889
171 6.2427777777777775 19.55527777777778
172 6.246388888888889 19.55888888888889
173 6.250277777777778 19.56222222222222
174 6.254444444444444 19.56527777777778
175 6.258611111111111 19.56833333333333
176 6.263055555555556 19.570833333333333
177 6.2675 19.573333333333334
178 6.272222222222222 19.575555555555557
179 6.276944444444444 19.5775
180 6.281944444444444 19.579166666666666
181 6.286944444444444 19.580555555555556
182 6.292222222222222 19.581666666666667
183 6.2975 19.5825
184 6.303055555555555 19.583333333333332
185 6.3086111111111105 19.58361111111111
186 6.314166666666667 19.58361111111111
187 6.319999999999999 19.583333333333332
188 6.325833333333333 19.58277777777778
189 6.331666666666666 19.58222222222222
190 6.3374999999999995 19.58111111111111
191 6.343611111111111 19.579722222222223
192 6.349444444444444 19.578055555555554
193 6.355555555555555 19.57611111111111
194 6.361666666666666 19.57361111111111
195 6.3677777777777775 19.57111111111111
196 6.373888888888889 19.56833333333333
197 6.380277777777778 19.565
198 6.386388888888889 19.561666666666667
199 6.3925 19.55777777777778
200 6.398611111111111 19.55388888888889
201 6.405 19.549444444444447
202 6.411111111111111 19.544722222222223
203 6.417222222222223 19.539722222222224
204 6.423333333333334 19.534444444444446
205 6.429444444444445 19.528888888888886
206 6.435555555555556 19.523055555555555
207 6.4413888888888895 19.516944444444444
208 6.447500000000001 19.510277777777777
209 6.453333333333333 19.503611111111113
210 6.4591666666666665 19.496666666666666
211 6.465 19.489166666666666
212 6.470833333333333 19.481666666666666
213 6.476388888888889 19.473888888888887
214 6.482222222222222 19.465555555555554
215 6.487777777777778 19.45722222222222
216 6.493333333333333 19.448611111111113
217 6.498611111111111 19.439444444444444
218 6.504166666666666 19.43027777777778
219 6.509444444444444 19.420833333333334
220 6.514722222222222 19.41111111111111
221 6.519722222222222 19.40111111111111
222 6.5247222222222225 19.390833333333333
223 6.529722222222222 19.380555555555556
224 6.534722222222222 19.369722222222222
225 6.539444444444444 19.35888888888889
226 6.544444444444444 19.347777777777775
227 6.5488888888888885 19.336388888888887
228 6.553611111111111 19.325
229 6.558055555555556 19.313055555555557
230 6.5625 19.301111111111112
231 6.566944444444444 19.28888888888889
232 6.5713888888888885 19.276666666666667
233 6.575555555555555 19.264166666666668
234 6.579722222222222 19.25138888888889
235 6.583888888888889 19.238611111111112
236 6.587777777777777 19.225555555555555
237 6.591666666666667 19.21222222222222
238 6.595833333333333 19.198888888888888
239 6.599444444444444 19.185277777777777
240 6.603333333333333 19.171666666666667
241 6.606944444444444 19.157777777777778
242 6.610833333333333 19.14388888888889
243 6.614444444444444 19.13
244 6.617777777777778 19.115833333333335
245 6.621388888888889 19.10138888888889
246 6.625000000000001 19.08722222222222
247 6.628333333333334 19.072499999999998
248 6.631666666666667 19.058055555555555
249 6.635 19.043333333333337
250 6.638333333333333 19.02861111111111
251 6.641666666666667 19.01388888888889
252 6.645 18.99888888888889
253 6.6483333333333325 18.984166666666667
254 6.651666666666667 18.969166666666666
255 6.654722222222222 18.954166666666666
256 6.658055555555556 18.93888888888889
257 6.661388888888889 18.92388888888889
258 6.664444444444444 18.90888888888889
259 6.667777777777778 18.89361111111111
260 6.671111111111111 18.878611111111113
261 6.674166666666667 18.863333333333333
262 6.6775 18.848333333333333
263 6.680833333333334 18.833055555555557
264 6.684166666666667 18.818055555555556
265 6.6875 18.802777777777777
266 6.690833333333334 18.78777777777778
267 6.694444444444445 18.772777777777776
268 6.697777777777778 18.75777777777778
269 6.701388888888889 18.74277777777778
270 6.705 18.728055555555553
271 6.708611111111111 18.713055555555556
272 6.7122222222222225 18.698333333333334
273 6.715833333333333 18.683611111111112
274 6.719722222222222 18.66916666666667
275 6.723611111111111 18.654722222222222
276 6.7275 18.640277777777776
277 6.7316666666666665 18.62611111111111
278 6.735833333333334 18.611944444444447
279 6.74 18.597777777777775
280 6.744166666666667 18.583888888888886
281 6.748611111111111 18.57
282 6.753055555555555 18.55638888888889
283 6.757777777777778 18.543055555555558
284 6.7625 18.529722222222222
285 6.767222222222222 18.516666666666666
286 6.772222222222222 18.503611111111113
287 6.777222222222222 18.490833333333335
288 6.7825 18.478055555555553
289 6.7877777777777775 18.465833333333332
290 6.793333333333333 18.453611111111112
291 6.7988888888888885 18.441388888888888
292 6.804444444444444 18.429722222222225
293 6.810277777777777 18.418055555555558
294 6.816388888888889 18.40694444444444
295 6.8225 18.395833333333332
296 6.828888888888889 18.384722222222223
297 6.835277777777778 18.374166666666667
298 6.841666666666667 18.36388888888889
299 6.8486111111111105 18.35388888888889
300 6.855277777777777 18.343888888888888
301 6.862222222222222 18.334444444444443
302 6.869444444444445 18.325277777777778
303 6.876944444444445 18.316111111111113
304 6.884166666666666 18.3075
305 6.8919444444444435 18.299166666666668
306 6.899722222222222 18.291111111111114
307 6.907500000000001 18.283333333333335
308 6.915555555555556 18.27583333333333
309 6.923888888888889 18.26888888888889
310 6.932222222222222 18.261944444444445
311 6.940833333333334 18.255555555555556
312 6.9494444444444445 18.249444444444446
313 6.958055555555556 18.24361111111111
314 6.966944444444445 18.238055555555558
315 6.976111111111111 18.233055555555556
316 6.985277777777778 18.22833333333333
317 6.9944444444444445 18.223888888888887
318 7.003888888888889 18.21972222222222
319 7.0136111111111115 18.21611111111111
320 7.023055555555556 18.212777777777777
321 7.032777777777778 18.209722222222222
322 7.042777777777777 18.20722222222222
323 7.052777777777778 18.205
324 7.062777777777778 18.203055555555554
325 7.072777777777778 18.201666666666664
326 7.083055555555555 18.200555555555553
327 7.093333333333333 18.199722222222224
328 7.10361111111111 18.199166666666667
329 7.113888888888889 18.199166666666667
330 7.1241666666666665 18.199444444444445
331 7.134722222222223 18.200277777777778
332 7.145277777777778 18.20138888888889
333 7.155555555555556 18.202777777777776
334 7.166111111111111 18.204444444444444
335 7.176666666666667 18.206666666666667
336 7.186944444444444 18.209166666666665
337 7.197500000000001 18.211944444444445
338 7.207777777777778 18.21527777777778
339 7.218333333333334 18.218888888888888
340 7.228611111111111 18.222777777777775
341 7.238888888888889 18.22694444444444
342 7.248888888888889 18.231388888888887
343 7.259166666666666 18.23638888888889
344 7.269166666666667 18.24138888888889
345 7.278888888888889 18.246944444444445
346 7.288611111111111 18.252777777777776
347 7.298333333333333 18.25888888888889
348 7.307777777777778 18.26527777777778
349 7.317222222222222 18.271944444444443
350 7.326388888888888 18.278888888888886
351 7.335555555555556 18.28611111111111
352 7.344444444444444 18.29361111111111
353 7.353055555555555 18.30138888888889
354 7.361666666666666 18.309166666666666
355 7.369999999999999 18.3175
356 7.378055555555555 18.325833333333332
357 7.386111111111112 18.334722222222222
358 7.393611111111111 18.343333333333334
359 7.401111111111112 18.352500000000003
360 7.408055555555556 18.361666666666668
361 7.415 18.371111111111112
362 7.421666666666667 18.380833333333335
363 7.428055555555556 18.390555555555554
364 7.434166666666667 18.400555555555552
365 7.44 18.410555555555554
