 "Sunrise Time (LST)" "Sunset Time (LST)"
0 7.379166666666666 18.00111111111111
1 7.383888888888889 18.01222222222222
2 7.388055555555556 18.023333333333333
3 7.3916666666666675 18.034722222222225
4 7.395277777777778 18.04638888888889
5 7.398333333333333 18.05777777777778
6 7.400833333333334 18.06972222222222
7 7.403333333333333 18.081666666666667
8 7.405 18.09361111111111
9 7.406666666666667 18.105555555555558
10 7.4077777777777785 18.11777777777778
11 7.408333333333334 18.13
12 7.408611111111111 18.1425
13 7.408611111111111 18.154722222222222
14 7.408055555555556 18.16722222222222
15 7.406944444444445 18.179722222222225
16 7.405833333333334 18.192222222222224
17 7.403888888888889 18.204722222222223
18 7.401666666666667 18.21722222222222
19 7.399166666666667 18.22972222222222
20 7.39638888888889 18.242222222222225
21 7.392777777777778 18.254722222222224
22 7.389166666666667 18.26722222222222
23 7.385000000000001 18.279722222222222
24 7.380277777777778 18.292222222222225
25 7.375555555555555 18.304444444444446
26 7.369999999999999 18.316666666666666
27 7.364444444444444 18.328888888888887
28 7.358333333333333 18.34111111111111
29 7.351666666666667 18.353055555555557
30 7.344722222222222 18.36527777777778
31 7.3374999999999995 18.377222222222223
32 7.33 18.38888888888889
33 7.321944444444444 18.400555555555552
34 7.313611111111111 18.41222222222222
35 7.305 18.42388888888889
36 7.296111111111111 18.435277777777777
37 7.286666666666666 18.44638888888889
38 7.276944444444444 18.45777777777778
39 7.266944444444444 18.46861111111111
40 7.256666666666667 18.47972222222222
41 7.245833333333334 18.490555555555556
42 7.235 18.50138888888889
43 7.223611111111111 18.511944444444445
44 7.2122222222222225 18.522222222222222
45 7.200277777777778 18.532777777777778
46 7.188055555555556 18.54277777777778
47 7.1755555555555555 18.553055555555556
48 7.163055555555556 18.563055555555557
49 7.15 18.572777777777777
50 7.1369444444444445 18.5825
51 7.123333333333333 18.592222222222222
52 7.109722222222222 18.601666666666667
53 7.095833333333333 18.611111111111114
54 7.081666666666666 18.62027777777778
55 7.0675 18.629444444444445
56 7.052777777777778 18.638333333333332
57 7.038055555555555 18.6475
58 7.023055555555556 18.65611111111111
59 7.008055555555556 18.665
60 6.9927777777777775 18.67361111111111
61 6.977222222222222 18.681944444444447
62 6.961666666666667 18.690277777777776
63 6.945833333333334 18.698611111111113
64 6.930000000000001 18.706944444444442
65 6.91388888888889 18.715
66 6.897777777777777 18.723055555555554
67 6.881388888888889 18.731111111111108
68 6.864999999999999 18.73888888888889
69 6.848333333333333 18.746666666666666
70 6.831666666666666 18.754444444444445
71 6.8149999999999995 18.76222222222222
72 6.798055555555555 18.76972222222222
73 6.7813888888888885 18.77722222222222
74 6.764444444444444 18.784722222222225
75 6.747222222222223 18.792222222222225
76 6.730277777777778 18.799722222222226
77 6.713055555555556 18.806944444444444
78 6.696111111111112 18.814444444444444
79 6.678888888888889 18.821666666666665
80 6.661666666666667 18.828888888888887
81 6.644444444444444 18.83611111111111
82 6.627222222222223 18.843333333333334
83 6.609999999999999 18.850555555555555
84 6.592777777777777 18.8575
85 6.575555555555555 18.864722222222223
86 6.558333333333334 18.871944444444445
87 6.541111111111111 18.878888888888888
88 6.524166666666667 18.88611111111111
89 6.506944444444445 18.893333333333334
90 6.49 18.900277777777777
91 6.473055555555556 18.9075
92 6.456111111111111 18.91472222222222
93 6.439166666666667 18.921666666666667
94 6.4225 18.92888888888889
95 6.405833333333334 18.93611111111111
96 6.389444444444445 18.943333333333335
97 6.372777777777777 18.950555555555553
98 6.356388888888889 18.95777777777778
99 6.340277777777778 18.965
100 6.324166666666667 18.972499999999997
101 6.308055555555556 18.97972222222222
102 6.292222222222222 18.987222222222222
103 6.276666666666666 18.994722222222222
104 6.260833333333333 19.002222222222223
105 6.245555555555556 19.009722222222223
106 6.230277777777778 19.01722222222222
107 6.215277777777778 19.02472222222222
108 6.200277777777778 19.0325
109 6.185555555555556 19.040000000000003
110 6.171111111111111 19.047777777777778
111 6.156666666666667 19.055555555555557
112 6.1425 19.06361111111111
113 6.128611111111111 19.07138888888889
114 6.114999999999999 19.079444444444444
115 6.101388888888889 19.08722222222222
116 6.088055555555555 19.095277777777778
117 6.075 19.103333333333335
118 6.062222222222222 19.111666666666668
119 6.049722222222222 19.119722222222222
120 6.0375 19.128055555555555
121 6.025277777777777 19.13611111111111
122 6.0136111111111115 19.144444444444446
123 6.001944444444445 19.152777777777775
124 5.990833333333334 19.16111111111111
125 5.979722222222223 19.169722222222223
126 5.969166666666667 19.178055555555556
127 5.958611111111111 19.18638888888889
128 5.948611111111111 19.195
129 5.938888888888889 19.203611111111112
130 5.929166666666667 19.211944444444445
131 5.92 19.220555555555553
132 5.911111111111111 19.229166666666664
133 5.902500000000001 19.23777777777778
134 5.894166666666666 19.24638888888889
135 5.886388888888888 19.254722222222224
136 5.878611111111112 19.263333333333332
137 5.871388888888889 19.271944444444443
138 5.864444444444444 19.280277777777776
139 5.857777777777778 19.28888888888889
140 5.851388888888889 19.297222222222224
141 5.845277777777778 19.305833333333332
142 5.839722222222222 19.31416666666667
143 5.834444444444444 19.322499999999998
144 5.829444444444444 19.330555555555556
145 5.824722222222222 19.33888888888889
146 5.820555555555555 19.346944444444443
147 5.816388888888889 19.355
148 5.812777777777778 19.36277777777778
149 5.809444444444444 19.370833333333334
150 5.806666666666667 19.378333333333334
151 5.803888888888888 19.38611111111111
152 5.801666666666667 19.39361111111111
153 5.799722222222222 19.40083333333333
154 5.798055555555555 19.40833333333333
155 5.796944444444445 19.415277777777778
156 5.795833333333333 19.422222222222224
157 5.795277777777778 19.429166666666667
158 5.795 19.435555555555556
159 5.795 19.442222222222224
160 5.795555555555556 19.448333333333334
161 5.796111111111111 19.454444444444444
162 5.796944444444445 19.460277777777776
163 5.798333333333333 19.46611111111111
164 5.8 19.47138888888889
165 5.801666666666667 19.476666666666667
166 5.803888888888888 19.481666666666666
167 5.806388888888889 19.48638888888889
168 5.809166666666666 19.490833333333335
169 5.811944444444444 19.49527777777778
170 5.815277777777777 19.499166666666667
171 5.818888888888889 19.502777777777776
172 5.8225 19.50638888888889
173 5.826666666666666 19.509444444444444
174 5.8308333333333335 19.5125
175 5.835277777777778 19.515
176 5.84 19.5175
177 5.845 19.519444444444442
178 5.8502777777777775 19.52111111111111
179 5.855555555555555 19.522499999999997
180 5.861111111111111 19.52361111111111
181 5.866666666666667 19.524166666666666
182 5.872777777777778 19.52472222222222
183 5.8788888888888895 19.52472222222222
184 5.885 19.52472222222222
185 5.891388888888889 19.524166666666666
186 5.898055555555555 19.523055555555555
187 5.904722222222222 19.521944444444443
188 5.911388888888889 19.52027777777778
189 5.918333333333334 19.51833333333333
190 5.9255555555555555 19.516111111111112
191 5.9325 19.513333333333332
192 5.939722222222223 19.510555555555555
193 5.947222222222223 19.50722222222222
194 5.954722222222222 19.503333333333334
195 5.9622222222222225 19.499444444444446
196 5.969722222222222 19.495
197 5.9775 19.490277777777777
198 5.985 19.485277777777778
199 5.9927777777777775 19.47972222222222
200 6.000555555555556 19.474166666666665
201 6.008333333333334 19.468055555555555
202 6.016388888888889 19.461388888888887
203 6.024166666666667 19.454722222222223
204 6.031944444444444 19.4475
205 6.04 19.44
206 6.047777777777777 19.432222222222222
207 6.055833333333333 19.424166666666668
208 6.063611111111111 19.415555555555553
209 6.0713888888888885 19.406666666666666
210 6.079444444444444 19.397777777777776
211 6.087222222222222 19.388333333333332
212 6.095 19.378333333333334
213 6.102777777777778 19.368333333333332
214 6.110555555555555 19.358055555555556
215 6.118333333333333 19.34722222222222
216 6.12611111111111 19.336388888888887
217 6.133611111111112 19.325
218 6.14138888888889 19.31361111111111
219 6.148888888888889 19.301666666666666
220 6.156388888888889 19.289722222222224
221 6.16388888888889 19.27722222222222
222 6.171111111111111 19.264722222222222
223 6.1786111111111115 19.251666666666665
224 6.185833333333334 19.238611111111112
225 6.1930555555555555 19.225277777777777
226 6.200277777777778 19.211388888888887
227 6.2075000000000005 19.197777777777777
228 6.214444444444444 19.183611111111112
229 6.221388888888889 19.16916666666667
230 6.2283333333333335 19.154722222222222
231 6.235277777777778 19.14
232 6.242222222222222 19.125
233 6.248888888888889 19.109722222222224
234 6.255833333333333 19.094444444444445
235 6.2625 19.078888888888887
236 6.268888888888889 19.063055555555557
237 6.275555555555555 19.047222222222224
238 6.282222222222222 19.03111111111111
239 6.288611111111111 19.015
240 6.295 18.998611111111114
241 6.301388888888889 18.98222222222222
242 6.307777777777778 18.965555555555554
243 6.313888888888889 18.948611111111113
244 6.320277777777777 18.931944444444447
245 6.326388888888888 18.91472222222222
246 6.332777777777777 18.897777777777776
247 6.338888888888889 18.880555555555556
248 6.345 18.863055555555558
249 6.351111111111111 18.845555555555553
250 6.357222222222222 18.828055555555554
251 6.363333333333333 18.810555555555556
252 6.3694444444444445 18.793055555555558
253 6.375277777777777 18.775277777777777
254 6.381388888888888 18.7575
255 6.3875 18.739722222222223
256 6.393611111111111 18.721666666666664
257 6.399444444444445 18.703888888888887
258 6.405555555555556 18.685833333333335
259 6.411666666666667 18.668055555555558
260 6.417777777777778 18.65
261 6.423611111111112 18.63222222222222
262 6.429722222222223 18.61416666666667
263 6.435833333333334 18.59611111111111
264 6.441944444444444 18.578333333333333
265 6.448333333333333 18.560277777777777
266 6.454444444444444 18.5425
267 6.460833333333333 18.52472222222222
268 6.466944444444445 18.506944444444443
269 6.473333333333334 18.489166666666666
270 6.479722222222223 18.47138888888889
271 6.486111111111112 18.453888888888887
272 6.4927777777777775 18.43611111111111
273 6.4991666666666665 18.41888888888889
274 6.505833333333333 18.40138888888889
275 6.512777777777778 18.384166666666665
276 6.519444444444445 18.366944444444446
277 6.526388888888889 18.35
278 6.533333333333333 18.333055555555557
279 6.540277777777778 18.316111111111113
280 6.5475 18.299444444444447
281 6.554722222222222 18.283055555555556
282 6.561944444444444 18.266666666666666
283 6.569444444444445 18.250555555555554
284 6.576944444444444 18.234444444444446
285 6.584444444444444 18.21861111111111
286 6.5922222222222215 18.202777777777776
287 6.6 18.1875
288 6.608055555555556 18.172222222222224
289 6.616111111111111 18.15694444444444
290 6.624444444444445 18.142222222222223
291 6.632777777777778 18.1275
292 6.641111111111111 18.113055555555558
293 6.649722222222222 18.098888888888887
294 6.658333333333334 18.084999999999997
295 6.667222222222223 18.07111111111111
296 6.676111111111111 18.05777777777778
297 6.685277777777778 18.044722222222223
298 6.694444444444445 18.031666666666666
299 6.703888888888889 18.019166666666667
300 6.713333333333334 18.006944444444443
301 6.723055555555556 17.994722222222222
302 6.732777777777778 17.983055555555556
303 6.7425 17.971666666666664
304 6.7525 17.960555555555555
305 6.762777777777778 17.949722222222224
306 6.773055555555556 17.939444444444444
307 6.783333333333333 17.929166666666667
308 6.793888888888889 17.919444444444444
309 6.804444444444444 17.91
310 6.815277777777777 17.90111111111111
311 6.826111111111111 17.892222222222223
312 6.837222222222222 17.883888888888887
313 6.848333333333333 17.87611111111111
314 6.859444444444444 17.868333333333332
315 6.870833333333334 17.861111111111114
316 6.8822222222222225 17.854444444444447
317 6.8936111111111105 17.847777777777775
318 6.905277777777778 17.841944444444444
319 6.916944444444445 17.83611111111111
320 6.9286111111111115 17.830833333333334
321 6.940277777777778 17.82611111111111
322 6.952222222222223 17.821666666666665
323 6.9638888888888895 17.8175
324 6.975833333333333 17.81388888888889
325 6.987777777777778 17.810833333333335
326 6.999722222222222 17.808055555555555
327 7.0119444444444445 17.805555555555557
328 7.023888888888889 17.803611111111113
329 7.035833333333334 17.801944444444445
330 7.047777777777777 17.800833333333333
331 7.059722222222222 17.80027777777778
332 7.071666666666666 17.799722222222226
333 7.083611111111111 17.8
334 7.095277777777778 17.800555555555555
335 7.107222222222222 17.80138888888889
336 7.118888888888889 17.802777777777777
337 7.1305555555555555 17.804444444444446
338 7.141944444444444 17.80666666666667
339 7.153333333333333 17.809166666666666
340 7.164722222222222 17.81222222222222
341 7.175833333333333 17.815555555555555
342 7.186944444444444 17.819444444444443
343 7.197777777777778 17.82361111111111
344 7.208611111111111 17.828055555555554
345 7.219166666666667 17.833055555555557
346 7.229444444444445 17.83833333333333
347 7.239722222222222 17.843888888888888
348 7.249722222222222 17.849722222222223
349 7.259444444444444 17.85611111111111
350 7.268888888888889 17.86277777777778
351 7.2780555555555555 17.87
352 7.287222222222222 17.877222222222223
353 7.296111111111111 17.884999999999998
354 7.304444444444444 17.893055555555556
355 7.312777777777778 17.90111111111111
356 7.320833333333333 17.90972222222222
357 7.328333333333333 17.91861111111111
358 7.335833333333333 17.92777777777778
359 7.342777777777777 17.93722222222222
360 7.349444444444444 17.946944444444444
361 7.355833333333333 17.956666666666667
362 7.361944444444444 17.966944444444444
363 7.3677777777777775 17.97722222222222
364 7.373055555555555 17.98777777777778
365 7.378055555555555 17.998611111111114
